key1:432 0.000137 0.001381 0.000000 0.001381 0.001518
key13:234 0.000020 0.001343 0.000000 0.001343 0.001364
key25:123 0.000063 0.001296 0.000000 0.001296 0.001359
key37:567 0.000056 0.001280 0.000000 0.001280 0.001336
key49:123 0.000055 0.001272 0.000000 0.001272 0.001326
key61:567 0.000104 0.001209 0.000000 0.001209 0.001313
key73:123 0.000106 0.001195 0.000000 0.001195 0.001301
key85:567 0.000100 0.001183 0.000000 0.001183 0.001284
key97:123 0.000093 0.001172 0.000000 0.001172 0.001265
key109:567 0.000155 0.001101 0.000000 0.001101 0.001255
key121:123 0.000154 0.001090 0.000000 0.001090 0.001243
key133:567 0.000154 0.001079 0.000000 0.001079 0.001233
key145:123 0.000147 0.001068 0.000000 0.001068 0.001215
key157:567 0.000143 0.001057 0.000000 0.001057 0.001201
key169:123 0.000143 0.001046 0.000000 0.001046 0.001189
key181:567 0.000144 0.001033 0.000000 0.001033 0.001177
key193:123 0.000145 0.001021 0.000000 0.001021 0.001167
key205:567 0.000203 0.000951 0.000000 0.000951 0.001155
key217:123 0.000208 0.000936 0.000000 0.000936 0.001144
key229:567 0.000209 0.000941 0.000000 0.000941 0.001150
key241:123 0.000208 0.000928 0.000000 0.000928 0.001136
key253:567 0.000209 0.000917 0.000000 0.000917 0.001126
key2:215 0.000119 0.002120 0.000000 0.002120 0.002239
key14:678 0.000021 0.002055 0.000000 0.002055 0.002077
key26:456 0.000063 0.001999 0.000000 0.001999 0.002062
key38:890 0.000057 0.001979 0.000000 0.001979 0.002035
key50:456 0.000054 0.001966 0.000000 0.001966 0.002021
key62:890 0.000105 0.001904 0.000000 0.001904 0.002009
key74:456 0.000106 0.001889 0.000000 0.001889 0.001995
key86:890 0.000101 0.001879 0.000000 0.001879 0.001980
key98:456 0.000094 0.001867 0.000000 0.001867 0.001961
key110:890 0.000155 0.001795 0.000000 0.001795 0.001950
key122:456 0.000154 0.001784 0.000000 0.001784 0.001938
key134:890 0.000154 0.001774 0.000000 0.001774 0.001927
key146:456 0.000147 0.001763 0.000000 0.001763 0.001910
key158:890 0.000144 0.001752 0.000000 0.001752 0.001896
key170:456 0.000143 0.001742 0.000000 0.001742 0.001885
key182:890 0.000144 0.001729 0.000000 0.001729 0.001873
key194:456 0.000150 0.001712 0.000000 0.001712 0.001862
key206:890 0.000204 0.001648 0.000000 0.001648 0.001852
key218:456 0.000208 0.001632 0.000000 0.001632 0.001841
key230:890 0.000208 0.001621 0.000000 0.001621 0.001829
key242:456 0.000209 0.001610 0.000000 0.001610 0.001819
key254:890 0.000209 0.001599 0.000000 0.001599 0.001808
key3:678 0.000117 0.002782 0.000000 0.002782 0.002899
key15:345 0.000022 0.002717 0.000000 0.002717 0.002739
key27:789 0.000063 0.002661 0.000000 0.002661 0.002724
key39:345 0.000057 0.002643 0.000000 0.002643 0.002699
key51:789 0.000058 0.002629 0.000000 0.002629 0.002687
key63:345 0.000104 0.002572 0.000000 0.002572 0.002676
key75:789 0.000106 0.002559 0.000000 0.002559 0.002666
key87:345 0.000100 0.002549 0.000000 0.002549 0.002649
key99:789 0.000099 0.002534 0.000000 0.002534 0.002632
key111:345 0.000154 0.002465 0.000000 0.002465 0.002620
key123:789 0.000154 0.002455 0.000000 0.002455 0.002609
key135:345 0.000154 0.002444 0.000000 0.002444 0.002598
key147:789 0.000148 0.002433 0.000000 0.002433 0.002581
key159:345 0.000145 0.002422 0.000000 0.002422 0.002567
key171:789 0.000144 0.002410 0.000000 0.002410 0.002554
key183:345 0.000144 0.002400 0.000000 0.002400 0.002544
key195:789 0.000151 0.002381 0.000000 0.002381 0.002533
key207:345 0.000205 0.002317 0.000000 0.002317 0.002522
key219:789 0.000208 0.002304 0.000000 0.002304 0.002512
key231:345 0.000209 0.002291 0.000000 0.002291 0.002500
key243:789 0.000209 0.002280 0.000000 0.002280 0.002488
key255:345 0.000209 0.002269 0.000000 0.002269 0.002478
key4:123 0.000115 0.003409 0.000000 0.003409 0.003524
key16:890 0.000022 0.003343 0.000000 0.003343 0.003364
key28:234 0.000063 0.003287 0.000000 0.003287 0.003350
key40:678 0.000056 0.003267 0.000000 0.003267 0.003324
key52:234 0.000058 0.003252 0.000000 0.003252 0.003310
key64:678 0.000105 0.003193 0.000000 0.003193 0.003297
key76:234 0.000106 0.003181 0.000000 0.003181 0.003287
key88:678 0.000101 0.003170 0.000000 0.003170 0.003271
key100:234 0.000119 0.003146 0.000000 0.003146 0.003265
key112:678 0.000154 0.003105 0.000000 0.003105 0.003260
key124:234 0.000154 0.003095 0.000000 0.003095 0.003249
key136:678 0.000154 0.003085 0.000000 0.003085 0.003239
key148:234 0.000148 0.003075 0.000000 0.003075 0.003223
key160:678 0.000145 0.003064 0.000000 0.003064 0.003208
key172:234 0.000143 0.003054 0.000000 0.003054 0.003197
key184:678 0.000144 0.003042 0.000000 0.003042 0.003186
key196:234 0.000156 0.003020 0.000000 0.003020 0.003177
key208:678 0.000207 0.002961 0.000000 0.002961 0.003168
key220:234 0.000208 0.002965 0.000000 0.002965 0.003173
key232:678 0.000209 0.002954 0.000000 0.002954 0.003163
key244:234 0.000209 0.002943 0.000000 0.002943 0.003152
key256:678 0.000209 0.002933 0.000000 0.002933 0.003142
key5:987 0.000114 0.004066 0.000000 0.004066 0.004179
key17:123 0.000021 0.004000 0.000000 0.004000 0.004021
key29:567 0.000062 0.003943 0.000000 0.003943 0.004006
key41:123 0.000058 0.003923 0.000000 0.003923 0.003980
key53:567 0.000058 0.003910 0.000000 0.003910 0.003968
key65:123 0.000104 0.003852 0.000000 0.003852 0.003956
key77:567 0.000106 0.003839 0.000000 0.003839 0.003946
key89:123 0.000100 0.003828 0.000000 0.003828 0.003929
key101:567 0.000143 0.003769 0.000000 0.003769 0.003912
key113:123 0.000154 0.003746 0.000000 0.003746 0.003900
key125:567 0.000154 0.003735 0.000000 0.003735 0.003889
key137:123 0.000154 0.003725 0.000000 0.003725 0.003878
key149:567 0.000148 0.003714 0.000000 0.003714 0.003863
key161:123 0.000145 0.003703 0.000000 0.003703 0.003848
key173:567 0.000143 0.003694 0.000000 0.003694 0.003837
key185:123 0.000144 0.003682 0.000000 0.003682 0.003826
key197:567 0.000157 0.003658 0.000000 0.003658 0.003815
key209:123 0.000206 0.003599 0.000000 0.003599 0.003805
key221:567 0.000207 0.003587 0.000000 0.003587 0.003794
key233:123 0.000209 0.003575 0.000000 0.003575 0.003784
key245:567 0.000209 0.003564 0.000000 0.003564 0.003773
key6:345 0.000106 0.004661 0.000000 0.004661 0.004767
key18:456 0.000034 0.004580 0.000000 0.004580 0.004614
key30:890 0.000066 0.004550 0.000000 0.004550 0.004616
key42:456 0.000057 0.004537 0.000000 0.004537 0.004594
key54:890 0.000078 0.004506 0.000000 0.004506 0.004584
key66:456 0.000105 0.004470 0.000000 0.004470 0.004575
key78:890 0.000106 0.004460 0.000000 0.004460 0.004567
key90:456 0.000100 0.004450 0.000000 0.004450 0.004549
key102:890 0.000143 0.004391 0.000000 0.004391 0.004534
key114:456 0.000154 0.004367 0.000000 0.004367 0.004521
key126:890 0.000154 0.004357 0.000000 0.004357 0.004510
key138:456 0.000154 0.004346 0.000000 0.004346 0.004500
key150:890 0.000149 0.004336 0.000000 0.004336 0.004484
key162:456 0.000144 0.004325 0.000000 0.004325 0.004469
key174:890 0.000144 0.004314 0.000000 0.004314 0.004459
key186:456 0.000144 0.004305 0.000000 0.004305 0.004449
key198:890 0.000162 0.004274 0.000000 0.004274 0.004436
key210:456 0.000207 0.004219 0.000000 0.004219 0.004426
key222:890 0.000207 0.004207 0.000000 0.004207 0.004415
key234:456 0.000209 0.004196 0.000000 0.004196 0.004405
key246:890 0.000209 0.004186 0.000000 0.004186 0.004394
key7:876 0.000104 0.005305 0.000000 0.005305 0.005409
key19:789 0.000063 0.005197 0.000000 0.005197 0.005260
key31:345 0.000066 0.005178 0.000000 0.005178 0.005244
key43:789 0.000056 0.005163 0.000000 0.005163 0.005219
key55:345 0.000082 0.005126 0.000000 0.005126 0.005208
key67:789 0.000105 0.005091 0.000000 0.005091 0.005196
key79:345 0.000107 0.005080 0.000000 0.005080 0.005187
key91:789 0.000101 0.005071 0.000000 0.005071 0.005171
key103:345 0.000148 0.005005 0.000000 0.005005 0.005153
key115:789 0.000153 0.004987 0.000000 0.004987 0.005141
key127:345 0.000154 0.004976 0.000000 0.004976 0.005130
key139:789 0.000154 0.004966 0.000000 0.004966 0.005119
key151:345 0.000148 0.004955 0.000000 0.004955 0.005103
key163:789 0.000144 0.004944 0.000000 0.004944 0.005088
key175:345 0.000144 0.004934 0.000000 0.004934 0.005078
key187:789 0.000144 0.004924 0.000000 0.004924 0.005068
key199:345 0.000163 0.004894 0.000000 0.004894 0.005057
key211:789 0.000207 0.004836 0.000000 0.004836 0.005044
key223:345 0.000208 0.004835 0.000000 0.004835 0.005043
key235:789 0.000209 0.004829 0.000000 0.004829 0.005038
key247:345 0.000209 0.004818 0.000000 0.004818 0.005027
key8:234 0.000153 0.005900 0.000000 0.005900 0.006052
key20:234 0.000062 0.005841 0.000000 0.005841 0.005904
key32:678 0.000067 0.005823 0.000000 0.005823 0.005890
key44:234 0.000056 0.005809 0.000000 0.005809 0.005865
key56:678 0.000081 0.005772 0.000000 0.005772 0.005853
key68:234 0.000105 0.005738 0.000000 0.005738 0.005843
key80:678 0.000107 0.005729 0.000000 0.005729 0.005835
key92:234 0.000100 0.005721 0.000000 0.005721 0.005821
key104:678 0.000148 0.005658 0.000000 0.005658 0.005806
key116:234 0.000154 0.005643 0.000000 0.005643 0.005796
key128:678 0.000154 0.005634 0.000000 0.005634 0.005789
key140:234 0.000153 0.005627 0.000000 0.005627 0.005780
key152:678 0.000148 0.005619 0.000000 0.005619 0.005767
key164:234 0.000144 0.005608 0.000000 0.005608 0.005752
key176:678 0.000144 0.005598 0.000000 0.005598 0.005742
key188:234 0.000144 0.005586 0.000000 0.005586 0.005730
key200:678 0.000168 0.005551 0.000000 0.005551 0.005719
key212:234 0.000207 0.005502 0.000000 0.005502 0.005710
key224:678 0.000208 0.005490 0.000000 0.005490 0.005699
key236:234 0.000209 0.005479 0.000000 0.005479 0.005688
key248:678 0.000208 0.005469 0.000000 0.005469 0.005677
key9:567 0.000019 0.006555 0.000000 0.006555 0.006574
key21:567 0.000063 0.006497 0.000000 0.006497 0.006559
key33:123 0.000054 0.006478 0.000000 0.006478 0.006533
key45:567 0.000055 0.006465 0.000000 0.006465 0.006521
key57:123 0.000082 0.006425 0.000000 0.006425 0.006507
key69:567 0.000105 0.006412 0.000000 0.006412 0.006517
key81:123 0.000099 0.006399 0.000000 0.006399 0.006498
key93:567 0.000100 0.006389 0.000000 0.006389 0.006490
key105:123 0.000152 0.006321 0.000000 0.006321 0.006472
key117:567 0.000153 0.006306 0.000000 0.006306 0.006459
key129:123 0.000154 0.006296 0.000000 0.006296 0.006450
key141:567 0.000154 0.006287 0.000000 0.006287 0.006441
key153:123 0.000148 0.006286 0.000000 0.006286 0.006435
key165:567 0.000144 0.006286 0.000000 0.006286 0.006430
key177:123 0.000144 0.006278 0.000000 0.006278 0.006422
key189:567 0.000144 0.006270 0.000000 0.006270 0.006413
key201:123 0.000169 0.006237 0.000000 0.006237 0.006406
key213:567 0.000208 0.006189 0.000000 0.006189 0.006397
key225:123 0.000208 0.006180 0.000000 0.006180 0.006387
key237:567 0.000209 0.006169 0.000000 0.006169 0.006378
key249:123 0.000209 0.006157 0.000000 0.006157 0.006367
key10:890 0.000020 0.007262 0.000000 0.007262 0.007282
key22:890 0.000063 0.007216 0.000000 0.007216 0.007278
key34:456 0.000055 0.007197 0.000000 0.007197 0.007252
key46:890 0.000055 0.007185 0.000000 0.007185 0.007240
key58:456 0.000082 0.007145 0.000000 0.007145 0.007227
key70:890 0.000106 0.007110 0.000000 0.007110 0.007216
key82:456 0.000099 0.007099 0.000000 0.007099 0.007199
key94:890 0.000100 0.007089 0.000000 0.007089 0.007188
key106:456 0.000151 0.007021 0.000000 0.007021 0.007173
key118:890 0.000154 0.007006 0.000000 0.007006 0.007160
key130:456 0.000154 0.006996 0.000000 0.006996 0.007150
key142:890 0.000154 0.006986 0.000000 0.006986 0.007140
key154:456 0.000149 0.006975 0.000000 0.006975 0.007123
key166:890 0.000143 0.006964 0.000000 0.006964 0.007107
key178:456 0.000144 0.006953 0.000000 0.006953 0.007098
key190:890 0.000145 0.006943 0.000000 0.006943 0.007089
key202:456 0.000173 0.006908 0.000000 0.006908 0.007081
key214:890 0.000208 0.006865 0.000000 0.006865 0.007073
key226:456 0.000208 0.006857 0.000000 0.006857 0.007065
key238:890 0.000209 0.006850 0.000000 0.006850 0.007059
key250:456 0.000209 0.006842 0.000000 0.006842 0.007051
key11:456 0.000020 0.008014 0.000000 0.008014 0.008034
key23:345 0.000064 0.007968 0.000000 0.007968 0.008032
key35:789 0.000055 0.007949 0.000000 0.007949 0.008004
key47:345 0.000055 0.007937 0.000000 0.007937 0.007992
key59:789 0.000082 0.007899 0.000000 0.007899 0.007981
key71:345 0.000106 0.007863 0.000000 0.007863 0.007970
key83:789 0.000100 0.007855 0.000000 0.007855 0.007955
key95:345 0.000100 0.007846 0.000000 0.007846 0.007946
key107:789 0.000151 0.007788 0.000000 0.007788 0.007939
key119:345 0.000154 0.007782 0.000000 0.007782 0.007935
key131:789 0.000154 0.007770 0.000000 0.007770 0.007923
key143:345 0.000154 0.007761 0.000000 0.007761 0.007914
key155:789 0.000142 0.007749 0.000000 0.007749 0.007891
key167:345 0.000143 0.007739 0.000000 0.007739 0.007882
key179:789 0.000144 0.007728 0.000000 0.007728 0.007872
key191:345 0.000145 0.007717 0.000000 0.007717 0.007862
key203:789 0.000174 0.007677 0.000000 0.007677 0.007851
key215:345 0.000208 0.007633 0.000000 0.007633 0.007841
key227:789 0.000208 0.007621 0.000000 0.007621 0.007829
key239:345 0.000209 0.007610 0.000000 0.007610 0.007819
key251:789 0.000209 0.007600 0.000000 0.007600 0.007809
key12:789 0.000022 0.008683 0.000000 0.008683 0.008705
key24:678 0.000063 0.008627 0.000000 0.008627 0.008690
key36:234 0.000056 0.008608 0.000000 0.008608 0.008664
key48:678 0.000055 0.008595 0.000000 0.008595 0.008650
key60:234 0.000105 0.008531 0.000000 0.008531 0.008636
key72:678 0.000106 0.008517 0.000000 0.008517 0.008623
key84:234 0.000100 0.008506 0.000000 0.008506 0.008606
key96:678 0.000100 0.008494 0.000000 0.008494 0.008594
key108:234 0.000155 0.008421 0.000000 0.008421 0.008576
key120:678 0.000154 0.008408 0.000000 0.008408 0.008562
key132:234 0.000154 0.008396 0.000000 0.008396 0.008550
key144:678 0.000154 0.008386 0.000000 0.008386 0.008540
key156:234 0.000142 0.008374 0.000000 0.008374 0.008517
key168:678 0.000143 0.008364 0.000000 0.008364 0.008507
key180:234 0.000144 0.008351 0.000000 0.008351 0.008495
key192:678 0.000145 0.008339 0.000000 0.008339 0.008484
key204:234 0.000198 0.008276 0.000000 0.008276 0.008474
key216:678 0.000208 0.008254 0.000000 0.008254 0.008462
key228:234 0.000208 0.008243 0.000000 0.008243 0.008451
key240:678 0.000209 0.008231 0.000000 0.008231 0.008440
key252:234 0.000209 0.008220 0.000000 0.008220 0.008429
